<<<<<<< HEAD
[[0.40819117 0.82862495 0.57352047 0.25114979 0.77271771]
 [0.51209015 0.1878667  0.02859776 0.44340085 0.76037845]
 [0.60037341 0.60507747 0.17269622 0.87358752 0.11057397]
 [0.42492844 0.15198294 0.61883916 0.84615933 0.8463905 ]
 [0.14153053 0.31174551 0.717335   0.11679856 0.62759073]]
=======
[[0.74098751 0.99182443 0.92160841 0.78113877 0.39297418]
 [0.7696403  0.68008662 0.15808797 0.2179468  0.50308208]
 [0.87402533 0.27614673 0.02689131 0.78380669 0.9606124 ]
 [0.63998266 0.03270042 0.1538734  0.89351755 0.13337132]
 [0.46354965 0.40683761 0.06545236 0.38154563 0.82714446]]
>>>>>>> master
