0.5974723934579099
0.6768084210670173
0.623377404871024
0.4548224530581211
0.6520576649703366
0.5641955455052383
0.10421784928939204
0.10129914768763593
0.7650180224033126
0.9226508461090221
0.14816412300220805
0.9673705691139665
0.3028060228233901
0.5797311373631278
0.8908244408399653
0.3307548167573381
0.1378351450859584
0.7721026166992182
0.33834691069111633
0.2902406565850517
0.021843671493346983
0.7837710360068452
0.6947436587283103
0.7133170565535463
0.6914732925984298
0.1671100371056229
0.07426965236377459
0.5578211757487166
0.9985935857444971
0.8945303538127618
0.551113138695096
0.3667484591719745
0.9674014426801879
0.07458939054467983
0.5913401235390144
0.0920286507301532
0.6115691924254516
0.38076587885688484
0.7045571140450659
0.3590148548186348
0.3681115243305595
0.6310538024518375
0.6015737923041646
0.9028838429998605
0.6353244703246297
0.3041848833624615
0.6306854226082825
0.93163811545612
0.13068297232190806
0.43699362296019806
0.4362421281713761
0.34850607481389007
0.26111581220273117
0.03578116960269484
0.435458302211737
0.16673444422250794
0.01559830288265096
0.20272818943379012
0.17449970525816716
0.3115360821185865
0.6588773108664885
0.35827924924672083
0.7115365775458309
0.8669083110698655
0.590484908887765
0.8884801483831231
0.7107198218274836
0.40220904342424957
0.8427686158050047
0.784178831031703
0.570960981096001
0.8650780813439612
0.6675785225601509
0.3805956341726814
0.47165751374163245
0.8558916875784056
0.6742853158997953
0.04061146279461081
0.3949841347127999
0.20839397309835261
0.4885852982271992
0.6341920941413727
0.6962633359096941
0.7442512076999743
0.10305834143354597
0.3345776019015694
0.6001880783680489
0.5589390155893628
0.9965493842630181
0.4369699072658586
0.613574659210511
0.02394305567534416
0.7947405770893906
0.6054942290772337
0.2697437930077402
0.6785803927440939
0.055539427309019285
0.6691047492351359
0.061388923928852535
0.5968399582138724
0.6876891532980485
0.8016876455951588
0.09250235409628449
0.7758855181917279
0.8079560100207418
0.3486171471153351
0.061399133814275086
0.6686888228385559
0.392854641086669
0.325902997350911
0.28599331338271483
0.6410559168430463
0.8180185877882402
0.9045402600777777
0.3405795730783664
0.12557886124178153
0.20511385033378116
0.7651311229195205
0.4788760684713017
0.0419617113221048
0.12738471496630144
0.4681294741044012
0.5140824873652088
0.6325296831051942
0.2717912935528609
0.515794315722462
0.15731540334583938
0.3261873667234314
0.7515014044186247
0.5830791910379765
0.12588224293164985
0.5048473923229893
0.8827008238601859
0.9004605905635265
0.20080493275410527
0.9896659606633814
0.46874853699724783
0.6608728442434572
0.31074514556154653
0.7966170074824526
0.34219987902162374
0.24643253357056194
0.2574109613936023
0.5780154234205878
0.3623889993526226
0.3453899097792994
0.9927360365334065
0.2888697588561526
0.22049228238676222
0.5109573555806958
0.7136370595534401
0.07114827281472313
0.9692340153294782
0.9471212736083222
0.4397740889698518
0.2273958825154505
0.8874909318043513
0.4455179311824634
0.4681066661210871
0.9026603622613952
0.11703700250065918
0.533164128056632
0.38537536687843876
0.9788440859641132
0.49711789556500396
0.1518514356836238
0.9936372993406747
0.8161771977927934
0.9411433976333529
0.6325694353160608
0.6965793716091601
0.24595377568263088
0.29481682558861977
0.749167965188547
0.9764186103985685
0.32904038053460805
0.664483773722629
0.5215599372335958
0.6382082972943622
0.5947476024129693
0.5051495669345551
0.32024161706632426
0.18672942774320256
0.9881950473733484
0.6537685587425522
0.9810183887825147
0.8459088236364684
0.5467104124502644
0.878203303216963
0.9737941822615833
0.6232524582421878
0.43983337237055586
0.9749294359250911
0.92672756267633
0.6722789250659476
0.972672397775407
0.8126551122373159
0.4516189416434253
0.8461223060293614
0.40189019485650246
0.6793340700706227
0.7172691705486741
0.6606658730849232
0.39757637491291486
0.731606299055805
0.9340347001537166
0.6928235958159739
0.030103709014087432
0.8425856016700162
0.573298115880509
0.0017420145572923929
0.15177619519592422
0.596221275538245
0.3479074921232136
0.1804448854452152
0.19911038279570525
0.1833280561225923
0.023710826870599666
0.042384504855561
0.3087341741221967
0.4551199200658632
0.1884909682035638
0.7646671590222179
0.3276756639445676
0.8727277111730679
0.10920889683666923
0.5687139249114856
0.6333690110737888
0.3893430854576386
0.5319738219810097
0.015759224799651528
0.1601517544456178
0.7914222954043432
0.801152831241725
0.8691163602664685
0.3114858369554566
0.680740361108189
0.044314807510244525
0.8488860643725044
0.5133237382053731
0.6306349883200129
0.03597654304707265
0.2537967418686402
0.9592435704960058
0.9971815464060053
0.4260736323742116
0.21384461279330913
0.39938021069722807
0.8778682313613956
0.2114816661930511
0.013511066939995153
0.29621776199727423
0.38565125814632706
0.6304611969666217
0.21279864692882478
0.2172172168950789
0.8617587327919851
0.8358261869941129
0.9472329942906407
0.6431844263138837
0.540448883284126
0.3461623142077812
0.8895614910550769
0.9305572612710097
0.8575453989979929
0.03998311139299593
0.32695681576787017
0.04277869349002539
0.4278687133265975
0.4093531622876171
0.05653293129813863
0.5975109778771701
0.5518148768001896
0.8240688313146337
0.21766246953893253
0.7991830102678449
0.0181811748202384
0.6259253624639581
0.23806938279734002
0.4739876260134067
0.48530472188767304
0.3274471523386133
0.9600044571191724
0.9873280870035549
0.18270565769688885
0.7633869538050119
0.11491929815476276
0.7093468964061109
0.8648901648358556
0.8947480079614417
0.10990512488940563
0.23464857559343077
0.4946852364549308
0.28499109100733944
0.5354644978058019
0.931839903179112
0.7538210628604431
0.029161352752571812
0.20381225988187146
0.09008999277154162
0.45412101222028634
0.3642474644599406
0.7689933242506141
0.10435972358064671
0.8673689297022258
0.7928805577906162
0.7616262099162981
0.8500430444496256
0.6609242370302002
0.7701066377537356
0.6198094394666911
0.5905554088903804
0.6343414165773832
0.6964632910674902
0.4581249849755946
0.6067507344821061
0.48370524234249224
0.865092059349894
0.6212153861608896
0.4180904350062925
0.9516844458836252
0.24728374994487534
0.4549211468474572
0.7728760520799351
0.097218578048888
0.5308587010799772
0.6938987083417045
0.4511887150256384
0.829834725810334
0.508753150271634
0.9360590328072352
0.3899606495196789
0.9954367068335217
0.6888081560485806
0.7940462084241533
0.3450316853891058
0.2986609456378301
0.24018815995000353
0.49021306196458314
0.2826226149279114
0.5662633287577136
0.5211235011831093
0.036285961514930465
0.5262501842357062
0.8954690182606223
