[0.16101558 0.05289535 0.39936222 0.39944752 0.09845253 0.91318692
 0.04736347 0.21508318 0.47233073 0.03939123 0.55234654 0.16593654
 0.03330822 0.33893235 0.77771098 0.58617504 0.71846767 0.97602127
 0.33785829 0.67478055 0.09173518 0.78073705 0.27635628 0.30944106
 0.01489649 0.52438228 0.13680985 0.61327894 0.80682659 0.90704555
 0.49629595 0.91946389 0.46208451 0.6906605  0.65220995 0.11827509
 0.78482028 0.23274562 0.05312543 0.87507095 0.99028248 0.17679552
 0.75757819 0.48542139 0.8873747  0.06400484 0.99060453 0.21241593
 0.46770601 0.09773987 0.01740773 0.47111436 0.91194203 0.98633925
 0.90572367 0.4806147  0.43056062 0.49191377 0.43536178 0.63822941
 0.36999063 0.42031745 0.7391911  0.24557653 0.85046299 0.95127253
 0.29166365 0.8453608  0.93834894 0.39698818 0.13548595 0.79862289
 0.70994122 0.15962206 0.52460795 0.64227186 0.29520128 0.65288175
 0.07949505 0.03826258 0.85594425 0.35153105 0.99338388 0.19085912
 0.26355345 0.30092863 0.64412686 0.38614695 0.83858806 0.61695586
 0.90823292 0.31659242 0.52097343 0.89121466 0.14020852 0.66961042
 0.25006634 0.89830426 0.59236632 0.54701973]